            A        T        A        C        T        G        G        G        
  ( 0 0)  ( 0 0)  ( 0 0)  ( 0 0)  ( 0 0)  ( 0 0)  ( 0 0)  ( 0 0)  ( 0 0) 
T ( 0 0)  ( 0 0)  ( 1 D)  ( 0 0)  ( 0 0)  ( 1 D)  ( 0 0)  ( 0 0)  ( 0 0) 
G ( 0 0)  ( 0 0)  ( 0 0)  ( 0 D)  ( 0 0)  ( 0 0)  ( 2 D)  ( 1 D)  ( 1 D) 
A ( 0 0)  ( 1 D)  ( 0 0)  ( 1 D)  ( 0 0)  ( 0 0)  ( 0 U)  ( 1 D)  ( 0 D) 
C ( 0 0)  ( 0 0)  ( 0 D)  ( 0 0)  ( 2 D)  ( 0 L)  ( 0 0)  ( 0 0)  ( 0 D) 
T ( 0 0)  ( 0 0)  ( 1 D)  ( 0 0)  ( 0 U)  ( 3 D)  ( 1 L)  ( 0 0)  ( 0 0) 
G ( 0 0)  ( 0 0)  ( 0 0)  ( 0 D)  ( 0 0)  ( 1 U)  ( 4 D)  ( 2 L)  ( 1 D) 
A ( 0 0)  ( 1 D)  ( 0 0)  ( 1 D)  ( 0 0)  ( 0 0)  ( 2 U)  ( 3 D)  ( 1 L) 
G ( 0 0)  ( 0 0)  ( 0 D)  ( 0 0)  ( 0 D)  ( 0 0)  ( 1 D)  ( 3 D)  ( 4 D) 
